1	227065.662034	[125.43718223 186.3249658  176.16176788] 0.38276666666666664	[ 4.75294478  7.44344825 10.93511226] 0.39324444444444445	[101.541754   170.17574681  39.03679111] 0.15884444444444445	[38.9243357  93.56725119 83.93167035] 0.05305555555555556	[209.2530771   13.32858124  66.01538222] 0.012088888888888889
2	219804.244183	[ 32.48099696 100.47932018  88.82330362] 0.04083333333333333	[3.38515618 4.56525474 6.4128656 ] 0.5854333333333334	[216.46583052  77.19595674 124.79638151] 0.08857777777777778	[  0.40686203 161.02147402  58.50769551] 0.11788888888888889	[ 98.93155758 190.35755845 203.40397155] 0.16726666666666667
3	220649.291138	[ 7.86891416 10.4179254  12.07843626] 0.47923333333333334	[114.63080499 186.76189791 198.19243172] 0.28375555555555554	[  1.08260331 154.47253993  56.30868508] 0.11721111111111111	[217.22388309  81.96146281 119.9736783 ] 0.08717777777777778	[185.89171348 129.04468197   1.849162  ] 0.03262222222222222
4	184920.494372	[3.0466095  3.14741093 3.63522892] 0.7148333333333333	[229.82252332 125.3075718    0.78296445] 0.1955	[244.63327447 235.5225845  129.56644334] 0.059922222222222224	[199.44253151 172.695904   172.32304013] 0.016244444444444443	[223.0195017    5.4459947   31.23649096] 0.0135
5	185230.310407	[246.09118328 235.03749096 189.23721107] 0.06996666666666666	[2.18364663 2.68025711 3.98758807] 0.6496555555555555	[225.8364291   52.65218203  31.09636469] 0.25358888888888886	[238.50197264 229.09395915   8.47734934] 0.011	[106.37399259  50.79353051  41.29675652] 0.01578888888888889
6	194898.425219	[ 14.05207586 118.07471341 123.98178881] 0.10614444444444444	[237.6765422  145.32537735   2.00247147] 0.19483333333333333	[2.65953477 3.68983729 4.83708966] 0.6076888888888888	[248.27350948 239.25132389 150.51285855] 0.07134444444444445	[116.64516953  80.08180811  22.54691573] 0.01998888888888889
7	212639.379068	[2.52183522 3.73280178 5.56252343] 0.5339333333333334	[131.6302983  197.87286059 187.38027504] 0.3284888888888889	[234.33610509 217.98754738   0.41481616] 0.09247777777777778	[188.19667048  90.91413111   4.64444519] 0.026822222222222223	[70.91901831 86.68880632 73.39910268] 0.018277777777777778
8	198133.548217	[131.0192528  156.80779042 203.0846044 ] 0.22402222222222223	[4.50814367 5.84242193 7.87494156] 0.5332222222222223	[247.02965665 240.16045827 170.67498958] 0.06038888888888889	[176.55744993 203.59850747 223.68463905] 0.16364444444444445	[170.92155046  62.83413149   1.80300038] 0.018722222222222223
9	219654.846889	[3.43710336 5.27645425 7.76098177] 0.5507	[218.10834177 217.98791576 216.01397671] 0.09604444444444445	[ 45.61371199 137.90784597 188.10302076] 0.1812888888888889	[220.87308404 214.85700465 152.36578805] 0.13671111111111112	[93.27453086 80.58170739 62.37708646] 0.035255555555555554
10	227149.758545	[105.41687789 181.23350939  87.81011181] 0.23802222222222222	[3.381406   5.13946601 7.53191941] 0.57	[201.95261974  76.21168279 106.6048352 ] 0.03317777777777778	[225.7028417  212.23325094 124.08416856] 0.13298888888888888	[ 88.14434643 103.52743999  75.76018362] 0.02581111111111111
11	179749.146316	[0.88427894 1.43513015 2.08042999] 0.7411666666666666	[110.91072665 184.86066586  43.96241054] 0.19541111111111112	[246.38455688 246.6306086  246.85714879] 0.0038666666666666667	[47.71090378 77.33374326 32.49671931] 0.012133333333333333	[ 93.15578273 157.56201379  36.28443951] 0.04742222222222222
12	212066.733463	[2.66340416 4.36428024 6.7473137 ] 0.6149888888888889	[236.46615657 234.82230516 236.30964705] 0.22814444444444446	[139.26185033 112.42110158 156.84112372] 0.047744444444444444	[24.30464655 62.08785423 74.45541827] 0.07556666666666667	[106.954328   170.79979978 181.10843071] 0.033555555555555554
13	206750.353096	[2.52208747 3.05347003 4.18053182] 0.7155444444444444	[226.63023081 196.68253834 129.80137321] 0.13306666666666667	[217.90221966  78.51409852 134.06350742] 0.051755555555555555	[195.06543055 197.9216019  193.67275678] 0.030588888888888888	[183.11356671 158.69315872 107.36698625] 0.06904444444444445
14	175513.592659	[239.80171046 231.82467339   0.91109298] 0.20703333333333335	[1.52929224 2.26332371 3.09589062] 0.6823555555555556	[246.19300792 241.07336493 159.60357045] 0.03471111111111111	[97.46997537 98.09754629 32.68193753] 0.01672222222222222	[202.015272   197.17086936   3.16744153] 0.05917777777777778
15	216951.775695	[4.09904687 5.15493099 7.66654269] 0.6769111111111111	[219.50595542 223.77930797 229.98134003] 0.1709	[235.08818418 179.5893478    1.18138975] 0.06552222222222222	[ 96.76606794 127.9313998  158.32093988] 0.08091111111111111	[224.33021381  97.73552311 126.14341389] 0.005755555555555555
16	208602.835762	[2.47612702 2.89358899 4.35636071] 0.6565111111111112	[232.78571981 224.17868677 138.15544787] 0.15313333333333334	[142.93275414  47.49169145  28.85167703] 0.13325555555555554	[229.75825552 161.29067067 169.08550219] 0.04181111111111111	[105.12127282  98.17249255  78.96105397] 0.015288888888888888
17	196343.825867	[233.0274354  224.44012313 139.33601373] 0.16945555555555555	[4.00904091 4.04234262 4.94167191] 0.6708111111111111	[207.60042932  74.53643522 107.74413348] 0.06416666666666666	[177.65322569 122.10037469  80.71379958] 0.07327777777777778	[227.31851031 157.42506012   0.26190865] 0.02228888888888889
18	196652.392346	[5.21677832 5.5238396  6.66132362] 0.6138444444444444	[187.83433788 125.06134559  80.8488735 ] 0.10551111111111111	[232.23438733 223.68866778 140.22326218] 0.21694444444444444	[215.55291516  78.25225287 111.93004354] 0.0411	[228.59157575 223.03083877   9.38941317] 0.0226
19	202156.964588	[1.44591131 2.15672032 3.41699177] 0.6312666666666666	[245.50584961 239.05400739 208.22638963] 0.10931111111111111	[140.60112945  69.48200939 146.21727858] 0.23271111111111112	[158.31815258   4.41698051  40.66562353] 0.005733333333333333	[74.11824931 60.29047654 77.42278174] 0.02097777777777778
20	183828.41598	[3.00277006 3.35482636 4.01594711] 0.6894222222222223	[194.34970293 119.8226114    0.35812789] 0.1340111111111111	[165.43268997 120.21763566  84.93073214] 0.08445555555555556	[248.35365137 234.78570994 167.85384211] 0.08038888888888888	[243.4745182  243.78623431 243.94215404] 0.011722222222222222
21	208677.484442	[2.58462742 3.71451619 5.52115953] 0.5444888888888889	[242.29020457 217.98828959 194.06974104] 0.15776666666666667	[201.49099785 109.32940426   0.54279618] 0.12856666666666666	[216.44561433 122.26920476 140.19871143] 0.1363888888888889	[87.24144468 75.94700214 71.82511441] 0.03278888888888889
22	207169.057045	[0.80313856 1.06936835 1.49836326] 0.8535777777777778	[198.47914662 124.57172974  64.3164409 ] 0.10043333333333333	[239.84005147 212.85007066 168.8034735 ] 0.01901111111111111	[98.45073683 74.83816705 56.68609329] 0.017766666666666667	[234.87995103 156.39768004 178.93017323] 0.009211111111111111
23	217061.643012	[113.03932459  99.69058954 162.6158361 ] 0.3806555555555556	[2.94135588 3.76246646 5.86000398] 0.5515111111111111	[223.67498309 218.24499053  10.18266343] 0.04951111111111111	[220.00993293 123.80673174 142.74917461] 0.008	[101.14970931  66.88931556  12.15117091] 0.010322222222222222
24	215814.209824	[127.91084084 119.977988   157.24076194] 0.3283111111111111	[1.69774096 2.4343291  3.66396149] 0.5686444444444444	[202.33667246  81.65698108  98.02349254] 0.029655555555555557	[228.33069958 222.90892174   9.83938614] 0.005111111111111111	[33.18294711 38.5123932  58.52692137] 0.06827777777777778
25	171052.596402	[1.67686019 2.41762606 3.49552079] 0.6454666666666666	[2.53971086e+02 2.22812339e+02 8.67483285e-02] 0.3316222222222222	[224.17135229  12.29535963  17.43292152] 0.00998888888888889	[239.11509754 239.54821979 239.98961281] 0.0018333333333333333	[110.81213611  98.93501228  17.87963902] 0.01108888888888889
26	174612.56053	[2.13541712 2.98992264 4.2118935 ] 0.6596777777777778	[240.80859396 183.55641583   2.8234898 ] 0.14216666666666666	[254.36065046 254.14528279 253.58320058] 0.07604444444444444	[110.78240861  92.55652577  67.38951344] 0.05893333333333333	[2.34569776e+02 2.18178934e+02 1.50702349e-01] 0.06317777777777778
27	187411.39575	[235.00239526 210.24195682 184.45793869] 0.10693333333333334	[3.25580359 4.64682996 6.39699904] 0.5818444444444445	[2.19674330e+02 1.93718713e+02 1.78876194e-02] 0.23721111111111112	[87.0133418  81.05605735 30.20327904] 0.02557777777777778	[173.80587921 154.14968777   2.60848655] 0.048433333333333335
28	185028.757774	[146.07773372  77.84826832  15.45483581] 0.1474	[219.63526636 193.66829006   0.24334039] 0.11247777777777777	[4.44996888 5.00542662 5.87069367] 0.6005555555555555	[219.70136164 208.27002865 197.18870394] 0.07596666666666667	[176.75012987 156.28161638   1.97142131] 0.0636
29	212814.874478	[179.17155384 188.7310703  205.25630381] 0.16403333333333334	[3.37565091 4.83569385 7.15545226] 0.4693	[128.57128347  90.22130109 115.89257984] 0.05311111111111111	[210.7768016  221.43127877 239.89362243] 0.28275555555555554	[100.35280766 167.8903432  218.56984199] 0.0308
30	224201.438668	[136.36350882  82.6765507  115.36575147] 0.038011111111111114	[2.16217445 3.28641147 4.91980902] 0.5035888888888889	[158.06527145 205.30892211 202.57162725] 0.4164111111111111	[ 76.75053415  96.7792468  100.84441527] 0.022422222222222222	[ 94.3088794  157.09162997 204.86544325] 0.019566666666666666
31	220834.788553	[ 48.1831729  144.05122514 196.65520593] 0.3373111111111111	[1.87609779 3.02389096 4.64798995] 0.5636222222222222	[236.48165452 224.25352393 175.62392696] 0.05684444444444445	[116.26321967 104.4565762   80.23434604] 0.01878888888888889	[32.02275002 69.0511884  92.64173051] 0.023433333333333334
32	218914.914214	[  0.46632125 131.58630333 139.10531299] 0.043866666666666665	[1.32716306 1.97918076 3.04401367] 0.5927111111111111	[199.23707641 142.57687753 185.17452592] 0.32654444444444447	[151.80606141  47.26064529 131.6180244 ] 0.01633333333333333	[85.5269433  68.42531676 87.96196398] 0.020544444444444445
33	218074.652981	[3.65901897 4.08087102 5.88702454] 0.6067111111111111	[194.6926323  137.98824614 180.53794628] 0.30974444444444443	[ 11.77930129 126.83755935 133.97997297] 0.05151111111111111	[143.8208495   49.82589466 138.6564736 ] 0.021611111111111112	[218.69360242 219.31181788 220.37062298] 0.010422222222222222
34	218196.984085	[201.17764615 201.69916471 201.96451598] 0.10807777777777777	[1.88724433 2.87352276 4.40737675] 0.5339888888888888	[156.59612497 126.82255707 177.13869956] 0.2978222222222222	[  0.81605421 137.80678306 139.42666734] 0.023911111111111112	[71.79710748 67.2136118  86.66869934] 0.0362
35	190400.612104	[0.00452688 0.00207339 0.00128182] 0.37474444444444444	[248.90582854 218.27211978 217.289536  ] 0.38027777777777777	[89.24647955 77.13168921 63.01612456] 0.02651111111111111	[212.26078756 185.58838863 185.32173971] 0.11773333333333333	[14.69808242 20.19739708 26.80963318] 0.10073333333333333
36	199015.75129	[1.48939216 2.19155195 3.33330219] 0.5953	[247.01098857 198.80263588 189.94590049] 0.2996333333333333	[231.02631644 147.98612313 156.97572224] 0.0446	[209.17623877 168.63435069 162.00042334] 0.046266666666666664	[99.76274949 80.5460487  82.71883732] 0.0142
37	191175.505958	[2.36291411e+02 1.28620792e+02 1.92811533e-01] 0.14052222222222222	[2.3149217  2.81703396 3.94019406] 0.6058777777777777	[230.89526591 127.00307184  71.19035093] 0.1743111111111111	[114.80820166  66.23407902  47.68519213] 0.06485555555555556	[241.60100627 220.36128954 180.01069767] 0.014433333333333333
38	197808.79415	[2.59126581 3.7416083  5.31052145] 0.4230111111111111	[254.73740682 247.72870839 175.80196925] 0.40915555555555555	[227.58222291 123.17968444   6.13027749] 0.026055555555555554	[98.62685581 95.93596349 74.13215314] 0.025222222222222222	[217.13831055 210.43769871 149.85731668] 0.11655555555555555
39	208200.689404	[3.61172801 5.49020019 8.37497024] 0.5185555555555555	[241.33663383 194.89176691 215.39009368] 0.38766666666666666	[ 45.19662168 179.38578111 167.67901366] 0.043055555555555555	[250.71525949 251.62023075 251.61062104] 0.026977777777777778	[112.79152947  88.2889684   92.34677813] 0.023744444444444443
40	349718.22694337583	[1.86488705 2.81992739 4.30319654] 0.6561333333333333	[241.42746875 196.39532218 216.91870383] 0.1978111111111111	[251.97666552 251.97133765 252.04360235] 0.11995555555555555	[ 47.57658167 179.12612932 167.60444436] 0.010055555555555555	[104.00440552  91.19840555  98.57571443] 0.016044444444444445
41	330576.92160793336	[152.69226549 142.21411975 187.34674628] 0.09105555555555556	[5.59431962e-11 3.43082401e-02 3.43082401e-02] 0.7835	[  0.36119012 168.8087973  222.16026174] 0.0551	[ 41.1244079   78.24987741 103.53525392] 0.015566666666666666	[14.67812519 20.91589295 28.26567358] 0.05477777777777778
42	2562634695702.3784	[5.94288665e-11 5.39987999e-11 3.81041517e-11] 0.6940888888888889	[158.88855046 148.32655668 194.0875836 ] 0.1608777777777778	[  0.33352767 167.33910556 220.15044057] 0.042333333333333334	[14.26231355 20.55491864 27.65169827] 0.08751111111111111	[ 54.92647237  80.88207269 105.94335346] 0.015188888888888889
43	299107.4555415896	[1.05837451e-01 1.63675332e+02 5.91529460e+01] 0.21933333333333332	[14.63710403 21.44736995 27.6177497 ] 0.09392222222222223	[115.94914435 120.57727397 180.57021101] 0.15523333333333333	[0. 0. 0.] 0.5180111111111111	[ 8.96362287 85.55647801 41.85713453] 0.0135
44	383473.8110704334	[172.52499737  97.86779869 104.59213525] 0.13664444444444446	[3.04011005 3.82947497 5.38925459] 0.6150111111111111	[ 84.68376237 139.96215581 182.91891911] 0.1434777777777778	[230.98909887 125.87063898   0.47126476] 0.08873333333333333	[218.54040056 206.22082154 220.13791378] 0.016133333333333333
45	364564.3220581828	[3.41740402 3.43725342 4.80363799] 0.5668	[227.54270871  82.68385719  91.4784856 ] 0.2798888888888889	[ 83.19065232 138.95727224 181.7536113 ] 0.09494444444444444	[248.69562198 213.64586068 219.66127599] 0.03874444444444444	[207.84932925 138.94789317  87.58303531] 0.01962222222222222
46	355171.37643868814	[1.88801537 2.60794855 3.91565926] 0.6871444444444444	[224.32227337 126.33528173  68.14127754] 0.21258888888888888	[210.91992361 226.55080458 235.36397861] 0.026433333333333333	[200.84044687   2.79752292  58.97018438] 0.05522222222222222	[98.29712359 63.96248258 50.78593718] 0.01861111111111111
47	304286.4153558866	[215.02542825 118.61677506  66.46555617] 0.22443333333333335	[4.62117038 4.27593138 5.68042222] 0.5740222222222222	[207.25382078   1.40929158  61.59455198] 0.16042222222222222	[239.7021284  240.11286036 240.28331107] 0.009122222222222223	[241.4563329  169.16822457  59.06608591] 0.032
48	348735.8564226056	[3.55320186 3.90976027 6.00454406] 0.5805	[101.04645706  45.78488666 136.31768942] 0.26655555555555555	[216.58245729 160.26904809 116.05438376] 0.07223333333333333	[222.67753993   5.44185697  61.38002273] 0.05093333333333333	[208.66317887 208.02289693 203.60814004] 0.029777777777777778
49	355295.3321542038	[201.50928798 162.39326791 199.58538091] 0.20306666666666667	[0.79369048 1.21090029 1.8676419 ] 0.7163888888888889	[137.19316587 119.92187623 134.3158339 ] 0.02727777777777778	[199.21064525 190.80582257 189.76711585] 0.031655555555555555	[63.36924397 59.01827131 71.52047623] 0.021611111111111112
50	369655.2972127243	[2.27663405 3.0329537  4.118114  ] 0.6008111111111111	[127.59427823  86.10546294  17.73038986] 0.1836	[143.87153323 147.95607498 121.56140596] 0.11085555555555555	[185.8723639  191.15744357 156.87792486] 0.0974	[220.51078629 105.12460284 123.22513781] 0.007333333333333333
51	367027.46646667965	[104.14427652  68.33136615   5.80717689] 0.09297777777777778	[3.39337112 4.12682895 5.18216753] 0.5526333333333333	[165.6203373  169.75451763 140.45164071] 0.07702222222222223	[133.88307787  90.91118212  20.94451848] 0.2598111111111111	[229.61369055 108.40077206 126.74173125] 0.017555555555555557
52	328213.2439683471	[2.99402559 4.21036068 6.07559056] 0.6986888888888889	[253.55268735 241.48705064 195.01655906] 0.2084777777777778	[205.46922478 101.47064162  13.77464648] 0.05341111111111111	[245.04806433 187.11139606   0.51140833] 0.012011111111111111	[154.40153131 116.59097094 107.71618634] 0.027411111111111112
53	367990.912502034	[0.90499877 1.31047316 1.80721662] 0.7580888888888889	[239.54613432 230.56985115 141.7496522 ] 0.1524111111111111	[80.63354324 82.33098226 58.00902005] 0.021966666666666666	[199.87472211 188.37779685 121.95129803] 0.06642222222222222	[201.95278714  52.24894179  79.79568942] 0.0011111111111111111
54	295642.5024934018	[2.34812294 3.43888693 4.92605402] 0.5726777777777777	[2.45324726e+02 1.87223102e+02 1.34651159e-01] 0.2820111111111111	[250.45385912 236.73940453 169.15964045] 0.10462222222222223	[113.92979682  96.43515838  41.75332715] 0.014655555555555555	[251.9025336  251.99035678 252.07341524] 0.026033333333333332
55	333988.7673816865	[102.84713833 147.76718248 200.36188543] 0.27294444444444443	[1.40550568 2.14135647 3.24753467] 0.6486111111111111	[235.0689216  227.83282392 161.72601667] 0.04095555555555556	[224.65779318 224.34237883 225.49034574] 0.011477777777777778	[67.74811176 77.2646668  94.10817382] 0.02601111111111111
56	348184.509515052	[237.02193319 208.06385799 177.21615413] 0.17078888888888888	[0. 0. 0.] 0.6186	[164.81886579  98.34946234  30.90699016] 0.11198888888888889	[101.54131615  84.2009701   68.07721627] 0.0165	[16.52519004 20.90248829 26.53321645] 0.08212222222222222
57	359822.692659369	[1.5717692  2.25898976 3.28544406] 0.6377333333333334	[168.60274394 101.20119428  33.71522504] 0.1106111111111111	[234.51558918 206.30233669 176.2728998 ] 0.17003333333333334	[79.55851341 73.61314709 68.55649294] 0.024777777777777777	[125.65690077  73.38120961  14.64069909] 0.05684444444444445
58	357455.709320651	[215.88811379  77.80677591   2.8472545 ] 0.1486222222222222	[246.42128534 235.25600877 188.80783534] 0.2429888888888889	[4.48949384 5.56409711 7.66504828] 0.5705333333333333	[170.34772332 128.16413925 124.73720634] 0.01721111111111111	[131.35868868  49.30485831  20.3271592 ] 0.020644444444444444
59	360882.13597913104	[207.66815966  74.40634443   1.98322659] 0.1097111111111111	[4.20808962 5.23989129 7.19650251] 0.5623666666666667	[245.598676   234.41541848 187.66146369] 0.28178888888888887	[132.51294278  48.40481503   6.72780546] 0.022433333333333333	[148.84460148 125.17686476 114.25307582] 0.0237
60	343349.6188510856	[ 82.85552207 136.73953017 178.09839784] 0.09218888888888889	[1.29970195 2.0778829  3.23836924] 0.7906888888888889	[188.54959798 205.1199929  228.78149733] 0.0564	[249.54048467 249.71108696 249.72921016] 0.0443	[59.49458022 72.86396681 87.79404411] 0.016422222222222223
61	11663714488445.35	[14.66269765 20.68019983 27.6414381 ] 0.1582111111111111	[251.49034297 251.60147456 251.67611682] 0.19137777777777779	[ 86.42839687 143.63985996 187.89385535] 0.11867777777777777	[1.15576618e-11 1.46483337e-11 2.07622114e-11] 0.5076111111111111	[ 94.64187073 103.94940015 113.66530672] 0.024122222222222222
62	330746.6788993965	[2.08154878 3.30290007 5.11520824] 0.6011777777777778	[208.95072791 210.16704793 210.71080227] 0.03671111111111111	[ 79.34236713 133.87415184 175.00485436] 0.17952222222222222	[254.52153618 254.53994127 254.54000789] 0.15747777777777777	[68.79484014 82.37017347 95.55114685] 0.025111111111111112
63	335570.8252421037	[1.35011359 1.81085166 2.34320633] 0.7212444444444445	[236.53395233 194.660242     0.29906724] 0.14725555555555556	[128.90967979  94.022191    66.0057086 ] 0.04237777777777778	[192.56869889 159.77204745   1.81361225] 0.08207777777777778	[244.24298107 239.19641374 188.3599579 ] 0.007044444444444444
64	349881.3856741293	[2.04050858 2.40925186 2.81171701] 0.7081111111111111	[169.03135018 129.27868552   2.12365921] 0.06791111111111112	[132.66744805  93.74883612  71.6786727 ] 0.06294444444444444	[196.16632617 209.9377281  209.78667138] 0.017566666666666668	[2.14345868e+02 1.63496145e+02 1.72352337e-02] 0.14346666666666666
65	350499.56902966724	[2.15697738 2.68143239 3.31426813] 0.6992111111111111	[2.14413349e+02 1.63550671e+02 1.26348076e-02] 0.1277	[134.10552435  94.68875622  73.68677098] 0.07663333333333333	[189.20483904 205.141519   204.61450239] 0.039	[170.12616946 130.04209594   1.88190142] 0.05745555555555556
66	322523.1551404018	[2.38917711 2.98464742 3.87217193] 0.6968555555555556	[211.16232875 217.05589498 219.0246432 ] 0.20692222222222223	[224.90023774 211.84696471 117.89940189] 0.02118888888888889	[212.31742762   2.52864849  31.80260737] 0.006522222222222222	[161.91892278 166.69730684 167.89499429] 0.0685111111111111
67	370452.27596740285	[3.06356557 3.90371378 6.32843264] 0.6297777777777778	[200.52829159 211.18778845 229.50388329] 0.3070555555555556	[222.63129779 197.21432224  34.1453197 ] 0.019455555555555556	[191.4296216   46.55501996  65.99094585] 0.008577777777777778	[88.3442733  93.97329738 94.43329135] 0.035133333333333336
68	351455.9572232319	[1.80130642 2.57523963 3.72027365] 0.6694111111111111	[175.73514731 210.56564643 217.49762007] 0.1650222222222222	[108.54369967 104.36407851 105.42931626] 0.038288888888888886	[234.41936252 214.83137462 123.75538966] 0.011233333333333333	[146.09691113 176.6738814  181.70776115] 0.11604444444444445
69	370557.01227726706	[1.10299936 1.67077684 2.4765143 ] 0.7926888888888889	[2.34467545e+02 2.26931527e+02 1.28393853e-01] 0.0546	[162.08480552 201.7782573  124.9830311 ] 0.1116111111111111	[195.58079711 128.32268114  96.50862481] 0.029222222222222222	[80.28764238 73.59603486 54.20408443] 0.011877777777777777
70	326659.813490415	[3.48797411 4.65030712 6.3043791 ] 0.6278555555555555	[241.88879811 184.56122847 184.43259181] 0.08581111111111112	[236.22462718 228.54279469   1.01509951] 0.06984444444444445	[163.93657612 202.63491206 124.94073637] 0.1524	[224.58500803 129.2965606  139.29490747] 0.06408888888888889
71	349648.9409694892	[2.1989143  3.02067986 3.85733061] 0.6664222222222222	[163.95730749 200.207825   124.2454144 ] 0.17671111111111112	[148.96386256 103.94891312  67.02560763] 0.02992222222222222	[230.57225432 223.41486279   1.67323881] 0.10521111111111112	[236.61790896 181.90101697 181.9249626 ] 0.021733333333333334
72	345263.1818700923	[1.26445139e-01 1.77766765e+02 2.29958861e+02] 0.10616666666666667	[1.18888495 1.67090794 2.62737471] 0.7906888888888889	[167.98064486   3.7369422   43.34295814] 0.04201111111111111	[151.6779175  138.37030343 133.59914966] 0.048688888888888886	[45.63873217 70.1102935  83.75797126] 0.012444444444444444
73	347015.8899866045	[3.27318968 4.91714467 7.63292964] 0.5692888888888888	[146.92732659 135.47434422 130.59994189] 0.16394444444444445	[160.79540443   2.49749247  40.09600911] 0.07825555555555555	[1.39344406e-01 1.78326659e+02 2.30682290e+02] 0.15855555555555556	[57.68745978 67.61899935 75.15195098] 0.029955555555555555
74	335100.18555050436	[176.96147002 170.19541151 136.94761556] 0.07483333333333334	[0.65767305 0.99168683 1.45319306] 0.8032555555555555	[218.24653298 209.27976419 168.43460323] 0.10233333333333333	[83.50552955 84.13306569 75.37135122] 0.015766666666666665	[251.20877941 251.33757687 251.4310343 ] 0.003811111111111111
75	360523.11161131645	[0.43861208 0.69083603 1.03938724] 0.7719222222222222	[136.36843577 135.38159591 128.46154149] 0.12764444444444445	[51.51545549 54.72022864 56.84279018] 0.022877777777777778	[110.08679898 109.36203614 103.12260493] 0.0758888888888889	[210.23195552 118.66089122 137.13484602] 0.0016666666666666668
76	370587.4206261756	[2.96109788 4.35728927 6.2496682 ] 0.4351555555555556	[188.7411019  132.07513806  82.20833597] 0.24222222222222223	[124.16646296 122.20221346  68.57978294] 0.26443333333333335	[67.42251602 62.45195024 45.20149091] 0.04271111111111111	[236.88243569 227.16665747 186.48796342] 0.015477777777777778
77	326915.99859991245	[1.56190536 1.85430549 2.50268874] 0.6589222222222222	[242.78158214 234.92487735 166.37462895] 0.17216666666666666	[229.82908856  85.53341824   4.65074155] 0.07547777777777778	[252.80331365 222.24527546   0.48661768] 0.06794444444444445	[116.65474353  96.38056009  96.806363  ] 0.025488888888888887
78	329599.43427448365	[239.54650154 231.87721022 164.01389214] 0.18783333333333332	[1.67070522 2.20452253 3.00512717] 0.5783111111111111	[230.74582173  85.56659758   4.31048112] 0.13261111111111112	[251.71290496 221.0885478    0.43622884] 0.07284444444444445	[111.12596641  84.07772084  71.83449962] 0.0284
79	317995.7656357092	[1.68929324 2.24669627 3.35135925] 0.5605333333333333	[233.40114197 131.04087352 150.82083567] 0.35157777777777777	[243.80368231 230.48905797 165.014715  ] 0.042633333333333336	[114.53105562  74.8141051   75.59951596] 0.019566666666666666	[247.83428449 247.86317724 247.99167187] 0.02568888888888889
80	360376.3606024329	[230.42161202 129.41328085 148.98509131] 0.29796666666666666	[86.01657249 84.13313891 78.03331619] 0.03337777777777778	[172.89163869 197.40257969 136.80402286] 0.1375888888888889	[3.00329446 4.1855702  6.24555713] 0.4489222222222222	[252.4045958  240.65868235 187.71688157] 0.08214444444444445
81	325243.2035924721	[133.3813484  184.81462077 161.54740664] 0.08126666666666667	[2.24018057 3.01784387 4.15120339] 0.7668666666666667	[126.24501679 165.75656501 194.88903269] 0.09462222222222222	[218.20279463   1.01984834  31.13747875] 0.0064	[234.43238138 236.89285505 236.572612  ] 0.05084444444444444
82	336746.5944231325	[116.82909169 159.98243927 191.08742066] 0.14553333333333332	[4.56374941 5.79443008 7.6385921 ] 0.5928777777777777	[207.42283515   1.69410566  29.57295371] 0.022211111111111112	[129.48794239 179.42826403 156.77878576] 0.1766	[234.01129683 237.32086707 235.69969669] 0.06277777777777778
83	367748.6790439057	[183.00740704 115.97928304  75.28321075] 0.17394444444444446	[3.23167299 3.39798869 3.9694845 ] 0.7084444444444444	[225.8902954  225.26417394 181.94102971] 0.0573	[246.94443602 204.95844896  61.06032654] 0.04755555555555555	[105.94366496 181.68173772  88.69738497] 0.012755555555555555
84	353028.23170610744	[1.3712313  1.91414389 3.02290355] 0.8286777777777777	[198.8106498  108.23233507   0.24927028] 0.11871111111111111	[183.43530589 151.4104502   88.14265468] 0.027444444444444445	[247.12932044 236.16356207 190.93283382] 0.012088888888888889	[89.28714977 67.22488902 41.62845345] 0.013077777777777778
85	361091.85693596845	[209.6073916  183.69101934 134.43127123] 0.04855555555555555	[1.23471142 1.67676413 2.52974526] 0.8200888888888889	[191.53778389 104.19807762   0.64631476] 0.08285555555555556	[226.71651613 128.74649642 165.85699528] 0.010866666666666667	[85.91503849 77.74997896 67.92119138] 0.03763333333333333
86	350821.4337483807	[206.12343742 229.25669725 228.45896056] 0.31372222222222224	[1.31142234 2.01380323 3.03104495] 0.6468666666666667	[ 92.53877863 102.07610322 103.59224474] 0.015922222222222223	[236.13323743 227.39369715 140.02148955] 0.017466666666666665	[229.32785255 128.88560505 148.4298706 ] 0.006022222222222222
87	341042.73952000926	[1.19165817 1.79232092 2.67818622] 0.6772555555555556	[254.78490616 254.79473484 254.79473209] 0.2639444444444444	[ 98.05826597 100.77108702 105.19277294] 0.0148	[207.93463739 208.72190813 209.10642411] 0.04038888888888889	[223.34615312 125.57583079 144.7528819 ] 0.003611111111111111
88	351722.5275395665	[133.74003423 140.47251069 191.45251462] 0.4041222222222222	[1.98035204 3.11640814 4.90171194] 0.5452111111111111	[196.11258121 158.86535159 194.43381863] 0.019066666666666666	[252.70021166 252.78038664 252.89817523] 0.011211111111111111	[63.55953295 68.74119126 92.87593691] 0.02038888888888889
89	352712.58457042405	[0.60886892 0.97530137 1.54797085] 0.7403	[117.72064358 123.67297137 185.54793672] 0.1715888888888889	[197.19120735 161.25802635 195.40673999] 0.023422222222222223	[51.38816347 55.52401644 80.08762345] 0.012988888888888888	[101.13430597 106.07840311 159.39534576] 0.0517
90	358109.6503257654	[ 4.61462014  7.28207093 11.41037542] 0.5345444444444445	[133.15597388 139.84333753 190.43369423] 0.32704444444444447	[233.42893172 131.0731882  150.86064556] 0.07457777777777778	[253.81364554 253.85391664 253.88047277] 0.03938888888888889	[67.039002   68.99959088 92.01739201] 0.024444444444444446
91	357727.45160747174	[3.04882528 4.68755304 7.25594647] 0.5877777777777777	[155.47734536 144.93746901 190.63837381] 0.30198888888888886	[197.86546551 197.89748862 198.70855318] 0.027755555555555554	[70.10135719 70.44247103 88.60678111] 0.03205555555555555	[134.68155284 135.16685318 135.6748456 ] 0.05042222222222222
92	357531.13597435923	[ 96.26172937  62.50614972 148.21337229] 0.34935555555555553	[0.96032605 1.34122088 2.10762248] 0.4541	[236.10450121 236.62539026 236.66731739] 0.06878888888888889	[60.62531061 74.86195903 83.70289538] 0.11565555555555555	[211.96213981 119.06863282 137.08348939] 0.0121
93	346948.1505195759	[1.12229386 1.72422503 2.77329394] 0.6280888888888889	[ 99.08229535  65.64797647 146.76963686] 0.32564444444444446	[241.85583274 242.20280909 242.37857172] 0.014966666666666666	[52.19060449 40.51748717 73.46826763] 0.01791111111111111	[217.51642772 122.45642137 141.28800705] 0.01338888888888889
94	319867.87531015335	[1.517106   2.30090875 3.6862725 ] 0.5430777777777778	[100.61485794  66.90768851 148.99956279] 0.41281111111111113	[245.45727518 245.72151128 245.96153581] 0.020022222222222223	[219.04965777   1.39766468  31.84614076] 0.008233333333333334	[52.34300876 39.9605819  73.74055424] 0.015855555555555557
95	349082.38423575694	[162.19736484 158.46620594 178.23959123] 0.14945555555555556	[0.         0.05509458 0.05509458] 0.45437777777777777	[197.81108203 193.02348903 215.98791245] 0.2596777777777778	[79.88271435 81.72290233 94.39594269] 0.03476666666666667	[15.6852509  21.05948644 27.99566273] 0.10172222222222223
96	343047.63279516797	[2.01533735 2.63860821 3.44753829] 0.5119777777777778	[252.10884338 232.34696895  62.40732454] 0.27904444444444443	[118.51183938  58.60224523   0.44832023] 0.12803333333333333	[146.03260781 138.02374518  63.92535336] 0.011877777777777777	[82.54347722 38.40525533  3.24872289] 0.06906666666666667
97	314609.41028533137	[254.71246371 234.74573535  62.94268566] 0.2279	[1.90524978 2.49927683 3.10601394] 0.6406777777777778	[231.40307276 232.59706206 232.21240074] 0.053144444444444446	[116.76689862  96.22099609  44.66022034] 0.026422222222222222	[214.93471377 197.94621641  54.63905585] 0.05185555555555556
98	331075.97612803255	[230.81942886 198.89643096 167.98253592] 0.04872222222222222	[0.89064044 1.27245972 1.86036235] 0.8147888888888889	[229.29150598 125.81801618  52.63494405] 0.1150888888888889	[99.06848611 77.59523607 62.90378493] 0.014588888888888889	[252.0869118  252.1879601  252.24900733] 0.0068111111111111115
99	363502.1834133176	[1.8984647  2.49953967 3.58622983] 0.6924	[228.55787158  83.25004169   3.6117067 ] 0.1819888888888889	[234.8497682  207.87359081 179.33000887] 0.1029888888888889	[104.31613213  96.55208612  88.66657021] 0.01271111111111111	[113.93700016  48.71147213  15.68487241] 0.009911111111111112
100	324601.4790955238	[2.27439866e+02 5.19093405e-02 6.75388454e+01] 0.45735555555555557	[4.68077578 6.36755239 9.63977735] 0.3198111111111111	[240.52529823 240.52638014 241.37059905] 0.17222222222222222	[106.97188859  12.56835587  43.9440921 ] 0.007722222222222222	[193.35711038 194.4859267  195.81503913] 0.042888888888888886
101	340370.32796047925	[237.07750923 237.14410691 238.07097444] 0.4348	[4.19680051 6.08933396 9.54909658] 0.3264	[2.22820739e+02 4.97975896e-02 6.60687209e+01] 0.22262222222222222	[106.44660411 109.97063497 114.41291181] 0.010355555555555555	[106.87725957  12.14175598  43.63578292] 0.0058222222222222226
102	322524.13519429957	[249.13017502 219.88173032 218.92970366] 0.3505888888888889	[2.47842179 3.6199404  5.39668522] 0.49785555555555555	[234.47754926 206.99943734   0.81451291] 0.006555555555555556	[98.89650614 90.37671147 93.92950926] 0.02571111111111111	[211.88681705 185.454226   185.00957847] 0.11928888888888889
103	302732.6537822043	[5.53538439 7.5437275  8.97881645] 0.5274222222222222	[178.67230989 126.38181317  93.4036308 ] 0.1643111111111111	[  0.55607158 157.15012276  56.76954481] 0.14696666666666666	[250.26874777 243.35111772 172.80081104] 0.14613333333333334	[247.46349449 247.675995   247.79675509] 0.015166666666666667
104	354507.4077315034	[1.1435239  1.60750037 2.30834946] 0.7277555555555556	[213.02966988 212.23092155 207.54656138] 0.14582222222222221	[194.76586109 106.54383119   1.27606156] 0.06711111111111111	[90.50977388 85.78523768 80.21067358] 0.015622222222222221	[246.24395812 238.20883932 168.86394033] 0.04368888888888889
105	357466.5099702146	[1.40774097 1.9494861  2.76678033] 0.6897	[244.92588692 237.14922554 168.31963808] 0.046988888888888886	[193.89584661 105.63359896   0.7654872 ] 0.09498888888888889	[209.26481986 208.57810437 203.9697552 ] 0.1517777777777778	[97.8944077  88.42770741 75.32175617] 0.016544444444444445
106	343083.35809046304	[1.14742483 1.59262992 2.30759111] 0.7264111111111111	[156.80728429  94.02502381  57.13716983] 0.19463333333333332	[204.19606919 196.28448043 120.09945391] 0.05156666666666666	[79.74612251 65.4527151  49.2467428 ] 0.020355555555555557	[205.28394027 205.14532117 202.1948109 ] 0.007033333333333333
107	346981.13792699855	[224.10967677  54.93021098  31.48297233] 0.06264444444444445	[1.13074452 1.66878748 2.52600227] 0.7497222222222222	[194.08866817 155.4602732   92.65245856] 0.12711111111111112	[194.42198842 166.90674668 188.12752255] 0.04317777777777778	[78.49257513 63.30501104 55.94655581] 0.017344444444444444
108	353718.65460557933	[102.18452579  74.96767158  80.71431483] 0.026055555555555554	[231.27743063 150.33439622 173.77686923] 0.26742222222222223	[3.27697764 4.62208046 7.02867362] 0.48231111111111113	[227.42878162 104.36622242  95.00788314] 0.15982222222222223	[236.04145345 222.02610405 190.97045671] 0.06438888888888888
109	346788.52744524326	[215.14828846 197.67123862  89.31268766] 0.14467777777777777	[2.65983367 3.21383252 4.26396633] 0.6407	[117.06298016 103.5361305  168.16660503] 0.19887777777777776	[224.32727219 126.19614018 145.43142281] 0.008977777777777777	[246.74891752 246.97832088 247.1570864 ] 0.0067666666666666665
110	350979.24146542366	[73.35038673 66.68261072 77.60655103] 0.029655555555555557	[158.28970846 126.82352915 176.40831335] 0.3123444444444444	[214.78348866 207.15485087 128.56271954] 0.08605555555555555	[1.65703139 2.45410657 3.72220909] 0.5524777777777777	[235.79956196 236.31058686 236.44967737] 0.019466666666666667
111	329051.79998396966	[136.29486998 177.58521617 207.85211856] 0.3898333333333333	[6.66855270e-11 4.86371432e-02 4.86371432e-02] 0.42188888888888887	[63.36880742 80.07845254 95.46579813] 0.025388888888888888	[114.64924506 150.46374076 176.7654991 ] 0.09008888888888889	[16.17386023 22.09287195 29.21467273] 0.0728
112	393004.4841423061	[67.0142631  80.95328415 93.16564188] 0.03831111111111111	[129.77668614 170.25089222 200.04454752] 0.3373111111111111	[1.96783432 2.96008437 4.45467309] 0.5362444444444444	[203.44837544 200.72813253 192.01449856] 0.08001111111111112	[213.71246887 117.00182852 134.48240803] 0.008122222222222222
113	320866.77866313886	[3.11042171 4.62768294 7.09907365] 0.3566666666666667	[244.04516623 198.4213258  212.35704959] 0.4913888888888889	[254.21157307 250.27934249 217.75075323] 0.046844444444444445	[235.38335096 151.78799439 161.61388466] 0.08715555555555556	[103.95105956  84.99106248  92.21595714] 0.017944444444444443
114	354929.92455287493	[ 4.89617531  7.33402736 11.42430744] 0.5514222222222223	[ 75.23091893 124.4785692  184.87730558] 0.2876444444444444	[207.75355982  74.7306002   82.99086189] 0.0842	[252.43967732 252.51718265 252.58344111] 0.03028888888888889	[40.87902348 64.21491812 92.70798187] 0.04644444444444444
115	338584.09699432895	[3.21516762 4.127339   5.70163967] 0.46047777777777776	[164.64264824 103.85709139  65.55626427] 0.28257777777777776	[231.3059591  222.76880975 137.34755079] 0.14454444444444445	[87.11299919 79.48523599 66.86414159] 0.07493333333333334	[233.8596003  230.08284932 204.88057964] 0.03746666666666667
116	319248.1037393044	[247.47012159 242.977383   197.81791438] 0.10905555555555556	[2.17948572 3.28810613 5.03343478] 0.6077111111111111	[9.92288053e-02 1.78077626e+02 2.30357071e+02] 0.25437777777777776	[220.81242444   1.16203302  31.88355102] 0.009633333333333334	[63.61608748 88.23278274 96.69463861] 0.019222222222222224
117	334773.7498289562	[1.65843682 2.74221402 4.15365659] 0.6407333333333334	[  3.51194056 179.57941534 231.89202269] 0.23984444444444444	[249.2310594  245.26559155 195.58527468] 0.09252222222222223	[ 20.93712614  83.28088668 106.96534084] 0.0186	[125.1168486  126.39761499 107.70882456] 0.0083
118	331631.50800913724	[107.50203079  98.3858043   97.19635172] 0.0188	[2.44487286 3.32913085 4.87660256] 0.5108	[251.75506389 251.65935452 251.44877122] 0.29435555555555554	[243.4141307  176.54950196 144.8235483 ] 0.11507777777777778	[233.71522246 109.03126569  69.62822578] 0.06096666666666667
119	339585.61805344274	[1.55072845 2.23791045 3.32621029] 0.5682777777777778	[254.74379539 254.59927758 253.68398717] 0.2427777777777778	[231.21509456 108.28075026  72.54061285] 0.09577777777777778	[94.22957722 89.44563044 89.91832744] 0.04551111111111111	[211.73256853 211.92846525 211.83019197] 0.047655555555555555
120	345503.1997950505	[181.65669705   5.330189    47.70559065] 0.028244444444444444	[2.47965241 2.93691106 3.72935472] 0.7064888888888889	[2.50856026e+02 2.11707202e+02 1.65749267e-01] 0.08473333333333333	[118.00434324  73.82416752   2.7411851 ] 0.14047777777777778	[193.74649249 128.75498889  51.69299864] 0.04005555555555555
121	348536.3102269048	[4.61031548 5.6001248  7.97100665] 0.5301555555555556	[129.24466526 135.82659682 185.08625429] 0.35554444444444444	[242.09526982 213.80401306   0.95117626] 0.05984444444444444	[164.04353651   2.68304458  41.95705276] 0.03612222222222222	[165.99709571 121.42268207  82.75400961] 0.018333333333333333
122	323260.16223898873	[2.75333045 3.1882704  4.39379117] 0.6616777777777778	[234.47201353 189.51009571 181.58220464] 0.09368888888888889	[ 19.42203256  82.28567404 129.68998546] 0.09223333333333333	[227.53148297 126.19923914 133.94648019] 0.08342222222222222	[231.10985574 231.28011856 232.27543887] 0.06897777777777778
123	348767.9968497943	[102.44725544 176.9654904   85.37459295] 0.18147777777777777	[1.41611143 2.21413884 3.06295129] 0.6946666666666667	[216.96462592 214.48432735 215.35401344] 0.049077777777777776	[240.94062596 227.83089643 163.24142659] 0.045288888888888885	[67.64101196 88.04668885 64.60491305] 0.029488888888888887
124	296989.50750016596	[8.10537835 7.18026449 9.10132978] 0.49145555555555553	[249.0898634  236.53026144 133.21905431] 0.11543333333333333	[218.24371435   0.47600655  30.29452272] 0.19307777777777776	[244.99587987 235.90658423 200.82389327] 0.12753333333333333	[ 98.7602374   44.87926946 132.98950193] 0.0725
125	330479.8275194088	[1.353004   1.97765959 2.73159735] 0.7159444444444445	[2.43893375e+02 2.15244787e+02 2.37080848e-01] 0.18927777777777777	[235.62374562 236.14972152 236.35586062] 0.010922222222222222	[122.64934624 112.06571868  15.50959297] 0.018822222222222223	[71.52573917 73.51705698 73.49266845] 0.06503333333333333
126	331587.3893059496	[3.15842272 3.59388978 4.54757042] 0.7215	[222.68555636   2.18303361  17.41750708] 0.1297111111111111	[227.86680004 209.78025246   7.90408181] 0.11464444444444444	[206.89062811 205.45472642 207.70379559] 0.013844444444444444	[101.08602427  40.45274338  22.70216592] 0.0203
127	360969.4053993932	[1.00396246 1.50211033 2.27407541] 0.7642444444444444	[169.4376295  124.65449069 106.30702218] 0.14174444444444445	[206.5707421  206.60516279 202.32287834] 0.055711111111111114	[75.50216149 65.49425894 64.03855225] 0.02082222222222222	[151.0156475  151.74614106 149.07877222] 0.017477777777777776
128	371601.7300868399	[195.02318731 106.28124398   0.41488165] 0.1149	[ 18.92694142  84.33682075 132.91119845] 0.026366666666666667	[72.29587087 48.63802725 40.89671667] 0.1566	[179.25739681 203.39628052 227.48206636] 0.024788888888888888	[1.35363815 1.90644982 2.81590617] 0.6773444444444444
129	325666.83063251467	[1.77300818 2.33334158 3.40248682] 0.6511888888888889	[240.56931556 235.99494681 146.87513761] 0.08098888888888889	[221.67318834  81.70484941  49.51667134] 0.16252222222222223	[246.4430243  246.67920725 246.74742151] 0.0826	[100.67013948  73.38335205  61.68409821] 0.0227
130	340179.45523388806	[4.42896309 6.21784526 8.11200776] 0.6596777777777778	[ 12.49305146 155.45429376 205.75625815] 0.1603111111111111	[221.66119551 213.76283523 132.42616865] 0.07713333333333333	[223.75065108 224.18978016 225.33819153] 0.07627777777777778	[201.07334997 100.10917393 105.26308213] 0.0266
131	361394.67156694434	[0.80429413 1.2883977  1.97329261] 0.6348111111111111	[ 88.38865672 187.53842709 234.24085455] 0.18184444444444445	[250.1334031  245.56379966 195.16279925] 0.13622222222222222	[181.16971905 171.06283842 176.92069309] 0.03497777777777778	[66.00735839 84.54568315 96.3782439 ] 0.012144444444444444
132	1706149488281.8135	[223.92652845 150.95091921 190.93841166] 0.42433333333333334	[7.40652330e-11 1.07435256e-10 1.08825241e-10] 0.5107444444444444	[86.87259413 65.23943793 83.54000822] 0.004966666666666667	[189.08430709 128.14019667 162.3983109 ] 0.02238888888888889	[13.77149303 19.35345412 26.25694951] 0.037566666666666665
133	374549.6574693904	[1.99906974 3.01242571 4.57335299] 0.6663	[1.85806496e+02 8.39848270e+01 1.33449840e-01] 0.17884444444444444	[245.11064182 231.61898096 166.44960719] 0.09015555555555556	[149.03872539  66.01566559  10.19262038] 0.04895555555555556	[82.14743025 57.65510113 36.46095307] 0.015744444444444443
134	320865.565328247	[2.43103633 3.0675383  4.18678438] 0.6900333333333334	[ 90.51977658 185.04739562 198.21167317] 0.1672	[236.78475402 230.1197471  163.73254562] 0.0457	[ 31.36049683  80.17288184 117.16382403] 0.05096666666666667	[241.84453864 241.21936214 241.43813317] 0.0461
135	339704.289489108	[2.42599452e+02 1.99312139e+02 1.69414783e-01] 0.2306111111111111	[2.75384419 4.34640837 6.58462297] 0.6335555555555555	[244.91909863 245.18835852 245.29783237] 0.09703333333333333	[132.57927929 112.92368261  12.99896005] 0.018577777777777776	[75.26609141 73.54249466 58.11687959] 0.02022222222222222
136	353022.8062199888	[1.67703174 2.31346052 3.32617402] 0.5748888888888889	[209.36373286 199.82402834   1.40490117] 0.10936666666666667	[219.69574301  79.94619546  29.93048986] 0.10976666666666667	[2.49543159e+02 2.36597116e+02 5.93349311e-03] 0.15511111111111112	[69.19768648 67.08058384 62.31334726] 0.050866666666666664
137	365609.73456013156	[3.93863128 5.11259205 6.9608994 ] 0.5926333333333333	[185.54354081 223.116406   235.18360927] 0.09078888888888889	[230.68323398 107.24159261 126.05377894] 0.06938888888888889	[238.5565864  172.92178841 181.04542477] 0.07762222222222222	[101.79574168 186.27878873 186.15110665] 0.16956666666666667
138	337565.2399288552	[  7.09431771 152.88332673 173.78526746] 0.14947777777777776	[5.01491123 7.0804372  9.41906195] 0.5135888888888889	[226.84284364 196.86530899 129.91624756] 0.18108888888888888	[238.38598196 238.84567094 238.9974491 ] 0.01637777777777778	[185.15516285 160.28144495 108.27631383] 0.13946666666666666
139	351026.12647999334	[228.92690142 202.3017049  135.35705439] 0.12244444444444444	[1.65687874 2.66851341 4.02679913] 0.6077222222222223	[  0.18714759 151.13238701 171.88348497] 0.15175555555555556	[185.28242053 160.85021852 108.83297586] 0.09274444444444445	[56.93827033 68.637463   65.17623046] 0.025333333333333333
140	325929.0245558752	[2.08804546e+02 1.29880885e+02 3.50909606e-03] 0.18502222222222223	[3.9513153  5.52527378 7.84865264] 0.6553777777777777	[238.62646836 213.88279439  92.76793228] 0.07097777777777778	[238.29688702 188.61305515 210.19037552] 0.015944444444444445	[165.8512309  104.36705437   4.10736123] 0.07267777777777777
141	363999.81057966506	[1.23584242 1.76017536 2.50361227] 0.7740222222222222	[141.85587774  89.03642848   9.07798186] 0.14833333333333334	[203.52807431 209.34437636 211.37530592] 0.0554	[ 90.47153019  96.16799632 101.13256508] 0.009677777777777778	[72.06036661 50.03820701 16.93118107] 0.012566666666666667
142	360904.47230256046	[0.74193494 1.03527095 1.55621279] 0.8010555555555555	[173.43739826 165.88826008 199.30429503] 0.12225555555555556	[77.12821498 74.3290554  93.24022444] 0.019522222222222222	[155.16323321 126.62637053 176.92325931] 0.05234444444444444	[197.5498135  102.28780195 108.08205014] 0.0048222222222222225
143	310100.4554414978	[248.71244732 230.09699712 186.97269656] 0.23812222222222224	[2.20426416 3.56307651 4.94850131] 0.5351888888888889	[  6.18332475 101.25879893 102.18652971] 0.18943333333333334	[110.94055561  76.38918485  39.8011161 ] 0.02267777777777778	[240.00473967 240.4092765  240.60593829] 0.014577777777777778
144	345884.63459378213	[ 57.64097459  89.95335154 110.08371474] 0.03532222222222222	[1.73115002 2.41650141 3.56779601] 0.6590888888888888	[130.77864747 198.29573695 229.1554066 ] 0.21861111111111112	[247.28716215 247.45890529 247.49922705] 0.026088888888888887	[ 13.94163976 164.4810122  221.94806837] 0.06088888888888889
145	354366.65912927507	[1.32327918 1.84510541 2.49738189] 0.7817222222222222	[2.51232852e+02 2.21713762e+02 1.03581647e-01] 0.17724444444444445	[194.82196026 110.32387895   0.94419475] 0.0133	[156.92333698 141.29060959  10.93176672] 0.010088888888888889	[107.78273087  85.17155717  50.81041841] 0.017644444444444445
146	333045.34563176875	[235.66992584 204.6722871  218.18465609] 0.055744444444444444	[1.05020332 1.16846773 1.50836713] 0.7647222222222222	[246.62003666 202.68780263   0.471877  ] 0.08064444444444445	[225.34242735  62.82424264  34.45405893] 0.08383333333333333	[102.61779797  64.95580779  30.17246998] 0.015055555555555556
147	361391.35962884926	[133.57723274 159.82730282 207.85444862] 0.20032222222222223	[1.2716458  2.03831055 3.17582682] 0.6341222222222223	[219.20503301 220.21455678 220.27202316] 0.09861111111111111	[71.65070376 79.71982928 92.89421142] 0.011188888888888889	[178.05208726 178.39752139 179.82350735] 0.05575555555555556
148	314154.63100665575	[0.68494027 1.12178789 1.76629788] 0.7570111111111111	[238.78277928 239.62386989 239.84953085] 0.11643333333333333	[  7.16997276 160.44768139 221.5920489 ] 0.10932222222222222	[ 30.24766603  30.52791894 123.22642311] 0.006	[ 61.2759935   84.25922089 100.38100569] 0.011233333333333333
149	354896.48245729273	[0.9114187  1.30838636 1.68817636] 0.7702666666666667	[236.5666947  180.58513585   0.41562769] 0.11877777777777777	[101.75840709  92.2973233   60.36110238] 0.020755555555555555	[ 88.46087478 178.55333279 191.41370221] 0.0242	[241.97758633 231.56169301 188.2159778 ] 0.066
150	360462.3948574461	[0.73981226 1.1613584  1.80120568] 0.7425222222222222	[204.23574806 166.96000947 202.74114921] 0.0352	[229.482685   211.46895794 230.48732985] 0.11938888888888889	[146.37811157 120.68709138 156.54422733] 0.08763333333333333	[67.1982934  62.71393258 77.60006106] 0.015255555555555555
151	3288064870290.284	[4.56229617e-11 4.35758887e-11 4.26258730e-11] 0.5872111111111111	[250.25461668 232.92438087 233.49373819] 0.2703888888888889	[117.96923083 113.58713319 118.22153447] 0.01731111111111111	[ 17.30321901 171.67399935 230.17553282] 0.0056	[14.78447601 20.44344795 27.11418895] 0.1194888888888889
