1	227065.6620339954	[125.43718223, 186.3249658, 176.16176788]	[4.75294478, 7.44344825, 10.93511226]	[101.541754, 170.17574681, 39.03679111]	[209.2530771, 13.32858124, 66.01538222]	[38.9243357, 93.56725119, 83.93167035]
2	219804.24418280413	[3.38515618, 4.56525474, 6.4128656]	[0.40686203, 161.02147402, 58.50769551]	[98.93155758, 190.35755845, 203.40397155]	[216.46583052, 77.19595674, 124.79638151]	[32.48099696, 100.47932018, 88.82330362]
3	220649.29113572888	[114.63080499, 186.76189791, 198.19243172]	[7.86891416, 10.4179254, 12.07843626]	[217.22388309, 81.96146281, 119.9736783]	[1.08260331, 154.47253993, 56.30868508]	[185.89171348, 129.04468197, 1.849162]
4	184920.4943728782	[229.82252332, 125.3075718, 0.78296445]	[3.0466095, 3.14741093, 3.63522892]	[244.63327447, 235.5225845, 129.56644334]	[199.44253151, 172.695904, 172.32304013]	[223.0195017, 5.4459947, 31.23649096]
5	185230.31040683322	[2.18364663, 2.68025711, 3.98758807]	[225.8364291, 52.65218203, 31.09636469]	[246.09118328, 235.03749096, 189.23721107]	[238.50197264, 229.09395915, 8.47734934]	[106.37399259, 50.79353051, 41.29675652]
6	194898.4252150087	[14.05207586, 118.07471341, 123.98178881]	[237.6765422, 145.32537735, 2.00247147]	[2.65953477, 3.68983729, 4.83708966]	[248.27350948, 239.25132389, 150.51285855]	[116.64516953, 80.08180811, 22.54691573]
7	212639.37906699406	[131.6302983, 197.87286059, 187.38027504]	[2.52183522, 3.73280178, 5.56252343]	[234.33610509, 217.98754738, 0.41481616]	[188.19667048, 90.91413111, 4.64444519]	[70.91901831, 86.68880632, 73.39910268]
8	198133.5482173072	[131.0192528, 156.80779042, 203.0846044]	[4.50814367, 5.84242193, 7.87494156]	[247.02965665, 240.16045827, 170.67498958]	[170.92155046, 62.83413149, 1.80300038]	[176.55744993, 203.59850747, 223.68463905]
9	219654.8468885751	[93.27453086, 80.58170739, 62.37708646]	[220.87308404, 214.85700465, 152.36578805]	[45.61371199, 137.90784597, 188.10302076]	[3.43710336, 5.27645425, 7.76098177]	[218.10834177, 217.98791576, 216.01397671]
10	227149.75854471992	[225.7028417, 212.23325094, 124.08416856]	[3.381406, 5.13946601, 7.53191941]	[105.41687789, 181.23350939, 87.81011181]	[201.95261974, 76.21168279, 106.6048352]	[88.14434643, 103.52743999, 75.76018362]
11	179749.1463165501	[0.88427894, 1.43513015, 2.08042999]	[110.91072665, 184.86066586, 43.96241054]	[47.71090378, 77.33374326, 32.49671931]	[246.38455688, 246.6306086, 246.85714879]	[93.15578273, 157.56201379, 36.28443951]
12	212066.73346468282	[2.66340416, 4.36428024, 6.7473137]	[236.46615657, 234.82230516, 236.30964705]	[139.26185033, 112.42110158, 156.84112372]	[106.954328, 170.79979978, 181.10843071]	[24.30464655, 62.08785423, 74.45541827]
13	206750.35309630493	[2.52208747, 3.05347003, 4.18053182]	[183.11356671, 158.69315872, 107.36698625]	[217.90221966, 78.51409852, 134.06350742]	[195.06543055, 197.9216019, 193.67275678]	[226.63023081, 196.68253834, 129.80137321]
14	175513.59265737166	[97.46997537, 98.09754629, 32.68193753]	[239.80171046, 231.82467339, 0.91109298]	[1.52929224, 2.26332371, 3.09589062]	[246.19300792, 241.07336493, 159.60357045]	[202.015272, 197.17086936, 3.16744153]
15	216951.77569570777	[4.09904687, 5.15493099, 7.66654269]	[219.50595542, 223.77930797, 229.98134003]	[235.08818418, 179.5893478, 1.18138975]	[224.33021381, 97.73552311, 126.14341389]	[96.76606794, 127.9313998, 158.32093988]
16	208766.56713342931	[229.75825552, 161.29067067, 169.08550219]	[2.54592496, 2.94543826, 4.41440866]	[232.78571981, 224.17868677, 138.15544787]	[142.93275414, 47.49169145, 28.85167703]	[106.18788414, 99.54494142, 79.50907343]
17	196343.82586694873	[4.00904091, 4.04234262, 4.94167191]	[233.0274354, 224.44012313, 139.33601373]	[207.60042932, 74.53643522, 107.74413348]	[177.65322569, 122.10037469, 80.71379958]	[227.31851031, 157.42506012, 0.26190865]
18	196818.44185328658	[232.37292057, 223.82230619, 140.42599085]	[5.21677832, 5.5238396, 6.66132362]	[187.83433788, 125.06134559, 80.8488735]	[227.28616039, 221.7887183, 9.5764651]	[215.55291516, 78.25225287, 111.93004354]
19	202156.96458967158	[1.44591131, 2.15672032, 3.41699177]	[140.60112945, 69.48200939, 146.21727858]	[245.50584961, 239.05400739, 208.22638963]	[158.31815258, 4.41698051, 40.66562353]	[74.11824931, 60.29047654, 77.42278174]
20	183828.4159779243	[194.34970293, 119.8226114, 0.35812789]	[3.00277006, 3.35482636, 4.01594711]	[248.35365137, 234.78570994, 167.85384211]	[165.43268997, 120.21763566, 84.93073214]	[243.4745182, 243.78623431, 243.94215404]
21	208677.4844418379	[216.44561433, 122.26920476, 140.19871143]	[2.58462742, 3.71451619, 5.52115953]	[201.49099785, 109.32940426, 0.54279618]	[242.29020457, 217.98828959, 194.06974104]	[87.24144468, 75.94700214, 71.82511441]
22	207169.05704766113	[0.80313856, 1.06936835, 1.49836326]	[198.47914662, 124.57172974, 64.3164409]	[239.84005147, 212.85007066, 168.8034735]	[234.87995103, 156.39768004, 178.93017323]	[98.45073683, 74.83816705, 56.68609329]
23	217061.6430143214	[2.94135588, 3.76246646, 5.86000398]	[113.03932459, 99.69058954, 162.6158361]	[223.67498309, 218.24499053, 10.18266343]	[220.00993293, 123.80673174, 142.74917461]	[101.14970931, 66.88931556, 12.15117091]
24	215814.20982469668	[33.18294711, 38.5123932, 58.52692137]	[127.91084084, 119.977988, 157.24076194]	[1.69774096, 2.4343291, 3.66396149]	[202.33667246, 81.65698108, 98.02349254]	[228.33069958, 222.90892174, 9.83938614]
25	171052.59638899032	[1.67686019, 2.41762606, 3.49552079]	[253.971086, 222.812339, 0.0867483285]	[224.17135229, 12.29535963, 17.43292152]	[110.81213611, 98.93501228, 17.87963902]	[239.11509754, 239.54821979, 239.98961281]
26	174612.56057696338	[2.13541712, 2.98992264, 4.2118935]	[234.569776, 218.178934, 0.150702349]	[254.36065046, 254.14528279, 253.58320058]	[110.78240861, 92.55652577, 67.38951344]	[240.80859396, 183.55641583, 2.8234898]
27	187411.39576957206	[219.67433, 193.718713, 0.0178876194]	[3.25580359, 4.64682996, 6.39699904]	[235.00239526, 210.24195682, 184.45793869]	[87.0133418, 81.05605735, 30.20327904]	[173.80587921, 154.14968777, 2.60848655]
28	185028.7577716925	[4.44996888, 5.00542662, 5.87069367]	[219.63526636, 193.66829006, 0.24334039]	[146.07773372, 77.84826832, 15.45483581]	[219.70136164, 208.27002865, 197.18870394]	[176.75012987, 156.28161638, 1.97142131]
29	212814.874478186	[210.7768016, 221.43127877, 239.89362243]	[3.37565091, 4.83569385, 7.15545226]	[128.57128347, 90.22130109, 115.89257984]	[100.35280766, 167.8903432, 218.56984199]	[179.17155384, 188.7310703, 205.25630381]
30	224341.38997801146	[75.43110224, 95.17293717, 99.30682301]	[158.06527145, 205.30892211, 202.57162725]	[136.36350882, 82.6765507, 115.36575147]	[2.07818452, 3.17765276, 4.79878298]	[94.3088794, 157.09162997, 204.86544325]
31	218409.79720282037	[1.85587012, 3.00666873, 4.63892751]	[48.1831729, 144.05122514, 196.65520593]	[232.59073611, 219.86065274, 172.68169495]	[99.60525011, 90.32928756, 67.96641227]	[29.62807642, 69.3301519, 94.02970076]
32	218914.914214059	[1.32716306, 1.97918076, 3.04401367]	[199.23707641, 142.57687753, 185.17452592]	[0.46632125, 131.58630333, 139.10531299]	[85.5269433, 68.42531676, 87.96196398]	[151.80606141, 47.26064529, 131.6180244]
33	218074.6529803446	[3.65901897, 4.08087102, 5.88702454]	[194.6926323, 137.98824614, 180.53794628]	[11.77930129, 126.83755935, 133.97997297]	[143.8208495, 49.82589466, 138.6564736]	[218.69360242, 219.31181788, 220.37062298]
34	218196.98408496988	[0.81605421, 137.80678306, 139.42666734]	[1.88724433, 2.87352276, 4.40737675]	[156.59612497, 126.82255707, 177.13869956]	[201.17764615, 201.69916471, 201.96451598]	[71.79710748, 67.2136118, 86.66869934]
35	190400.61225977444	[248.90582854, 218.27211978, 217.289536]	[0.00452688, 0.00207339, 0.00128182]	[212.26078756, 185.58838863, 185.32173971]	[89.24647955, 77.13168921, 63.01612456]	[14.69808242, 20.19739708, 26.80963318]
36	199015.75129260524	[1.48939216, 2.19155195, 3.33330219]	[247.01098857, 198.80263588, 189.94590049]	[209.17623877, 168.63435069, 162.00042334]	[99.76274949, 80.5460487, 82.71883732]	[231.02631644, 147.98612313, 156.97572224]
37	191175.50593677198	[114.80820166, 66.23407902, 47.68519213]	[2.3149217, 2.81703396, 3.94019406]	[236.291411, 128.620792, 0.192811533]	[230.89526591, 127.00307184, 71.19035093]	[241.60100627, 220.36128954, 180.01069767]
38	197808.79414854792	[2.59126581, 3.7416083, 5.31052145]	[254.73740682, 247.72870839, 175.80196925]	[227.58222291, 123.17968444, 6.13027749]	[98.62685581, 95.93596349, 74.13215314]	[217.13831055, 210.43769871, 149.85731668]
39	208200.68940174533	[3.61172801, 5.49020019, 8.37497024]	[241.33663383, 194.89176691, 215.39009368]	[45.19662168, 179.38578111, 167.67901366]	[250.71525949, 251.62023075, 251.61062104]	[112.79152947, 88.2889684, 92.34677813]
40	206050.9729960148	[1.86488705, 2.81992739, 4.30319654]	[241.42746875, 196.39532218, 216.91870383]	[251.97666552, 251.97133765, 252.04360235]	[47.57658167, 179.12612932, 167.60444436]	[104.00440552, 91.19840555, 98.57571443]
41	200967.14625777781	[152.69226549, 142.21411975, 187.34674628]	[5.59431962e-11, 0.0343082401, 0.0343082401]	[0.36119012, 168.8087973, 222.16026174]	[41.1244079, 78.24987741, 103.53525392]	[14.67812519, 20.91589295, 28.26567358]
42	11251376018.272596	[5.94288665e-11, 5.39987999e-11, 3.81041517e-11]	[158.88855046, 148.32655668, 194.0875836]	[0.33352767, 167.33910556, 220.15044057]	[14.26231355, 20.55491864, 27.65169827]	[54.92647237, 80.88207269, 105.94335346]
43	188626.25273178009	[0.105837451, 163.675332, 59.152946]	[14.63710403, 21.44736995, 27.6177497]	[115.94914435, 120.57727397, 180.57021101]	[0.0, 0.0, 0.0]	[8.96362287, 85.55647801, 41.85713453]
44	221112.0330230295	[172.52499737, 97.86779869, 104.59213525]	[3.04011005, 3.82947497, 5.38925459]	[84.68376237, 139.96215581, 182.91891911]	[230.98909887, 125.87063898, 0.47126476]	[218.54040056, 206.22082154, 220.13791378]
45	218756.22017093826	[3.41740402, 3.43725342, 4.80363799]	[227.54270871, 82.68385719, 91.4784856]	[83.19065232, 138.95727224, 181.7536113]	[248.69562198, 213.64586068, 219.66127599]	[207.84932925, 138.94789317, 87.58303531]
46	200856.18493438582	[1.88801537, 2.60794855, 3.91565926]	[224.32227337, 126.33528173, 68.14127754]	[210.91992361, 226.55080458, 235.36397861]	[200.84044687, 2.79752292, 58.97018438]	[98.29712359, 63.96248258, 50.78593718]
47	178215.05412029487	[215.02542825, 118.61677506, 66.46555617]	[4.62117038, 4.27593138, 5.68042222]	[207.25382078, 1.40929158, 61.59455198]	[239.7021284, 240.11286036, 240.28331107]	[241.4563329, 169.16822457, 59.06608591]
48	215576.2463330831	[3.55320186, 3.90976027, 6.00454406]	[101.04645706, 45.78488666, 136.31768942]	[216.58245729, 160.26904809, 116.05438376]	[222.67753993, 5.44185697, 61.38002273]	[208.66317887, 208.02289693, 203.60814004]
49	212300.10467238672	[201.50928798, 162.39326791, 199.58538091]	[0.79369048, 1.21090029, 1.8676419]	[137.19316587, 119.92187623, 134.3158339]	[199.21064525, 190.80582257, 189.76711585]	[63.36924397, 59.01827131, 71.52047623]
50	215765.29708341914	[2.27663405, 3.0329537, 4.118114]	[127.59427823, 86.10546294, 17.73038986]	[143.87153323, 147.95607498, 121.56140596]	[185.8723639, 191.15744357, 156.87792486]	[220.51078629, 105.12460284, 123.22513781]
51	203994.2044914636	[104.14427652, 68.33136615, 5.80717689]	[3.39337112, 4.12682895, 5.18216753]	[165.6203373, 169.75451763, 140.45164071]	[133.88307787, 90.91118212, 20.94451848]	[229.61369055, 108.40077206, 126.74173125]
52	192672.04351300787	[2.99402559, 4.21036068, 6.07559056]	[253.55268735, 241.48705064, 195.01655906]	[205.46922478, 101.47064162, 13.77464648]	[245.04806433, 187.11139606, 0.51140833]	[154.40153131, 116.59097094, 107.71618634]
53	211541.0307016469	[0.90499877, 1.31047316, 1.80721662]	[239.54613432, 230.56985115, 141.7496522]	[80.63354324, 82.33098226, 58.00902005]	[199.87472211, 188.37779685, 121.95129803]	[201.95278714, 52.24894179, 79.79568942]
54	174809.34273593745	[2.34812294, 3.43888693, 4.92605402]	[245.324726, 187.223102, 0.134651159]	[250.45385912, 236.73940453, 169.15964045]	[113.92979682, 96.43515838, 41.75332715]	[251.9025336, 251.99035678, 252.07341524]
55	211191.91138941236	[102.84713833, 147.76718248, 200.36188543]	[1.40550568, 2.14135647, 3.24753467]	[235.0689216, 227.83282392, 161.72601667]	[224.65779318, 224.34237883, 225.49034574]	[67.74811176, 77.2646668, 94.10817382]
56	197680.63833365354	[237.02193319, 208.06385799, 177.21615413]	[0.0, 0.0, 0.0]	[164.81886579, 98.34946234, 30.90699016]	[101.54131615, 84.2009701, 68.07721627]	[16.52519004, 20.90248829, 26.53321645]
57	201046.20890000492	[1.5717692, 2.25898976, 3.28544406]	[168.60274394, 101.20119428, 33.71522504]	[234.51558918, 206.30233669, 176.2728998]	[79.55851341, 73.61314709, 68.55649294]	[125.65690077, 73.38120961, 14.64069909]
58	199024.53589840015	[215.88811379, 77.80677591, 2.8472545]	[246.42128534, 235.25600877, 188.80783534]	[4.48949384, 5.56409711, 7.66504828]	[170.34772332, 128.16413925, 124.73720634]	[131.35868868, 49.30485831, 20.3271592]
59	197895.5886943257	[207.66815966, 74.40634443, 1.98322659]	[4.20808962, 5.23989129, 7.19650251]	[245.598676, 234.41541848, 187.66146369]	[132.51294278, 48.40481503, 6.72780546]	[148.84460148, 125.17686476, 114.25307582]
60	202514.87367566474	[82.85552207, 136.73953017, 178.09839784]	[1.29970195, 2.0778829, 3.23836924]	[188.54959798, 205.1199929, 228.78149733]	[249.54048467, 249.71108696, 249.72921016]	[59.49458022, 72.86396681, 87.79404411]
61	35823794674.32961	[14.66269765, 20.68019983, 27.6414381]	[251.49034297, 251.60147456, 251.67611682]	[86.42839687, 143.63985996, 187.89385535]	[1.15576618e-11, 1.46483337e-11, 2.07622114e-11]	[94.64187073, 103.94940015, 113.66530672]
62	204617.96771078196	[2.08154878, 3.30290007, 5.11520824]	[208.95072791, 210.16704793, 210.71080227]	[79.34236713, 133.87415184, 175.00485436]	[254.52153618, 254.53994127, 254.54000789]	[68.79484014, 82.37017347, 95.55114685]
63	185988.99422096813	[1.35011359, 1.81085166, 2.34320633]	[236.53395233, 194.660242, 0.29906724]	[128.90967979, 94.022191, 66.0057086]	[192.56869889, 159.77204745, 1.81361225]	[244.24298107, 239.19641374, 188.3599579]
64	199451.24792998814	[2.04050858, 2.40925186, 2.81171701]	[169.03135018, 129.27868552, 2.12365921]	[132.66744805, 93.74883612, 71.6786727]	[196.16632617, 209.9377281, 209.78667138]	[214.345868, 163.496145, 0.0172352337]
65	201570.48998283036	[2.15697738, 2.68143239, 3.31426813]	[214.413349, 163.550671, 0.0126348076]	[134.10552435, 94.68875622, 73.68677098]	[189.20483904, 205.141519, 204.61450239]	[170.12616946, 130.04209594, 1.88190142]
66	199758.8222369084	[2.38917711, 2.98464742, 3.87217193]	[211.16232875, 217.05589498, 219.0246432]	[224.90023774, 211.84696471, 117.89940189]	[212.31742762, 2.52864849, 31.80260737]	[161.91892278, 166.69730684, 167.89499429]
67	223394.9034383536	[3.06356557, 3.90371378, 6.32843264]	[200.52829159, 211.18778845, 229.50388329]	[222.63129779, 197.21432224, 34.1453197]	[191.4296216, 46.55501996, 65.99094585]	[88.3442733, 93.97329738, 94.43329135]
68	215128.11480203405	[1.80130642, 2.57523963, 3.72027365]	[175.73514731, 210.56564643, 217.49762007]	[108.54369967, 104.36407851, 105.42931626]	[234.41936252, 214.83137462, 123.75538966]	[146.09691113, 176.6738814, 181.70776115]
69	211165.8137964089	[1.10299936, 1.67077684, 2.4765143]	[234.467545, 226.931527, 0.128393853]	[162.08480552, 201.7782573, 124.9830311]	[195.58079711, 128.32268114, 96.50862481]	[80.28764238, 73.59603486, 54.20408443]
70	194371.04513736942	[3.48797411, 4.65030712, 6.3043791]	[241.88879811, 184.56122847, 184.43259181]	[236.22462718, 228.54279469, 1.01509951]	[163.93657612, 202.63491206, 124.94073637]	[224.58500803, 129.2965606, 139.29490747]
71	207547.3376098043	[2.1989143, 3.02067986, 3.85733061]	[163.95730749, 200.207825, 124.2454144]	[148.96386256, 103.94891312, 67.02560763]	[230.57225432, 223.41486279, 1.67323881]	[236.61790896, 181.90101697, 181.9249626]
72	212386.00272747836	[0.126445139, 177.766765, 229.958861]	[1.18888495, 1.67090794, 2.62737471]	[167.98064486, 3.7369422, 43.34295814]	[151.6779175, 138.37030343, 133.59914966]	[45.63873217, 70.1102935, 83.75797126]
73	211174.5049146153	[3.27318968, 4.91714467, 7.63292964]	[146.92732659, 135.47434422, 130.59994189]	[160.79540443, 2.49749247, 40.09600911]	[0.139344406, 178.326659, 230.68229]	[57.68745978, 67.61899935, 75.15195098]
74	202038.37061982075	[176.96147002, 170.19541151, 136.94761556]	[0.65767305, 0.99168683, 1.45319306]	[218.24653298, 209.27976419, 168.43460323]	[83.50552955, 84.13306569, 75.37135122]	[251.20877941, 251.33757687, 251.4310343]
75	211392.52154340976	[0.43861208, 0.69083603, 1.03938724]	[136.36843577, 135.38159591, 128.46154149]	[51.51545549, 54.72022864, 56.84279018]	[110.08679898, 109.36203614, 103.12260493]	[210.23195552, 118.66089122, 137.13484602]
76	208392.57291465823	[2.96109788, 4.35728927, 6.2496682]	[188.7411019, 132.07513806, 82.20833597]	[124.16646296, 122.20221346, 68.57978294]	[67.42251602, 62.45195024, 45.20149091]	[236.88243569, 227.16665747, 186.48796342]
77	194326.98211173862	[1.56190536, 1.85430549, 2.50268874]	[242.78158214, 234.92487735, 166.37462895]	[229.82908856, 85.53341824, 4.65074155]	[252.80331365, 222.24527546, 0.48661768]	[116.65474353, 96.38056009, 96.806363]
78	190683.24724250985	[239.54650154, 231.87721022, 164.01389214]	[1.67070522, 2.20452253, 3.00512717]	[230.74582173, 85.56659758, 4.31048112]	[251.71290496, 221.0885478, 0.43622884]	[111.12596641, 84.07772084, 71.83449962]
79	194478.21631870046	[1.68929324, 2.24669627, 3.35135925]	[233.40114197, 131.04087352, 150.82083567]	[243.80368231, 230.48905797, 165.014715]	[114.53105562, 74.8141051, 75.59951596]	[247.83428449, 247.86317724, 247.99167187]
80	212594.09608799062	[230.42161202, 129.41328085, 148.98509131]	[86.01657249, 84.13313891, 78.03331619]	[172.89163869, 197.40257969, 136.80402286]	[3.00329446, 4.1855702, 6.24555713]	[252.4045958, 240.65868235, 187.71688157]
81	194883.90212001227	[133.3813484, 184.81462077, 161.54740664]	[2.24018057, 3.01784387, 4.15120339]	[126.24501679, 165.75656501, 194.88903269]	[218.20279463, 1.01984834, 31.13747875]	[234.43238138, 236.89285505, 236.572612]
82	199583.03469959382	[116.82909169, 159.98243927, 191.08742066]	[4.56374941, 5.79443008, 7.6385921]	[207.42283515, 1.69410566, 29.57295371]	[129.48794239, 179.42826403, 156.77878576]	[234.01129683, 237.32086707, 235.69969669]
83	214362.24770585523	[183.00740704, 115.97928304, 75.28321075]	[3.23167299, 3.39798869, 3.9694845]	[225.8902954, 225.26417394, 181.94102971]	[246.94443602, 204.95844896, 61.06032654]	[105.94366496, 181.68173772, 88.69738497]
84	198010.63407298466	[1.3712313, 1.91414389, 3.02290355]	[198.8106498, 108.23233507, 0.24927028]	[183.43530589, 151.4104502, 88.14265468]	[247.12932044, 236.16356207, 190.93283382]	[89.28714977, 67.22488902, 41.62845345]
85	211618.45140488987	[209.6073916, 183.69101934, 134.43127123]	[1.23471142, 1.67676413, 2.52974526]	[191.53778389, 104.19807762, 0.64631476]	[226.71651613, 128.74649642, 165.85699528]	[85.91503849, 77.74997896, 67.92119138]
86	211689.95004550435	[206.12343742, 229.25669725, 228.45896056]	[1.31142234, 2.01380323, 3.03104495]	[92.53877863, 102.07610322, 103.59224474]	[236.13323743, 227.39369715, 140.02148955]	[229.32785255, 128.88560505, 148.4298706]
87	205541.26465377604	[1.19165817, 1.79232092, 2.67818622]	[254.78490616, 254.79473484, 254.79473209]	[98.05826597, 100.77108702, 105.19277294]	[207.93463739, 208.72190813, 209.10642411]	[223.34615312, 125.57583079, 144.7528819]
88	205184.39161969753	[133.74003423, 140.47251069, 191.45251462]	[1.98035204, 3.11640814, 4.90171194]	[196.11258121, 158.86535159, 194.43381863]	[252.70021166, 252.78038664, 252.89817523]	[63.55953295, 68.74119126, 92.87593691]
89	211567.26923053677	[0.60886892, 0.97530137, 1.54797085]	[117.72064358, 123.67297137, 185.54793672]	[197.19120735, 161.25802635, 195.40673999]	[51.38816347, 55.52401644, 80.08762345]	[101.13430597, 106.07840311, 159.39534576]
90	211497.41000946076	[4.61462014, 7.28207093, 11.41037542]	[133.15597388, 139.84333753, 190.43369423]	[233.42893172, 131.0731882, 150.86064556]	[253.81364554, 253.85391664, 253.88047277]	[67.039002, 68.99959088, 92.01739201]
91	217729.02903249618	[3.04882528, 4.68755304, 7.25594647]	[155.47734536, 144.93746901, 190.63837381]	[197.86546551, 197.89748862, 198.70855318]	[70.10135719, 70.44247103, 88.60678111]	[134.68155284, 135.16685318, 135.6748456]
92	214068.11657696153	[96.26172937, 62.50614972, 148.21337229]	[0.96032605, 1.34122088, 2.10762248]	[236.10450121, 236.62539026, 236.66731739]	[60.62531061, 74.86195903, 83.70289538]	[211.96213981, 119.06863282, 137.08348939]
93	207477.83181652034	[1.12229386, 1.72422503, 2.77329394]	[99.08229535, 65.64797647, 146.76963686]	[241.85583274, 242.20280909, 242.37857172]	[52.19060449, 40.51748717, 73.46826763]	[217.51642772, 122.45642137, 141.28800705]
94	191185.06039749947	[1.517106, 2.30090875, 3.6862725]	[100.61485794, 66.90768851, 148.99956279]	[245.45727518, 245.72151128, 245.96153581]	[219.04965777, 1.39766468, 31.84614076]	[52.34300876, 39.9605819, 73.74055424]
95	205845.5402987203	[162.19736484, 158.46620594, 178.23959123]	[0.0, 0.05509458, 0.05509458]	[197.81108203, 193.02348903, 215.98791245]	[79.88271435, 81.72290233, 94.39594269]	[15.6852509, 21.05948644, 27.99566273]
96	177127.06641085327	[2.01533735, 2.63860821, 3.44753829]	[252.10884338, 232.34696895, 62.40732454]	[118.51183938, 58.60224523, 0.44832023]	[146.03260781, 138.02374518, 63.92535336]	[82.54347722, 38.40525533, 3.24872289]
97	189718.92486998223	[254.71246371, 234.74573535, 62.94268566]	[1.90524978, 2.49927683, 3.10601394]	[231.40307276, 232.59706206, 232.21240074]	[116.76689862, 96.22099609, 44.66022034]	[214.93471377, 197.94621641, 54.63905585]
98	198371.75512109094	[230.81942886, 198.89643096, 167.98253592]	[0.89064044, 1.27245972, 1.86036235]	[229.29150598, 125.81801618, 52.63494405]	[99.06848611, 77.59523607, 62.90378493]	[252.0869118, 252.1879601, 252.24900733]
99	202489.59707179925	[1.8984647, 2.49953967, 3.58622983]	[228.55787158, 83.25004169, 3.6117067]	[234.8497682, 207.87359081, 179.33000887]	[104.31613213, 96.55208612, 88.66657021]	[113.93700016, 48.71147213, 15.68487241]
100	183717.8108510563	[227.439866, 0.0519093405, 67.5388454]	[4.68077578, 6.36755239, 9.63977735]	[240.52529823, 240.52638014, 241.37059905]	[106.97188859, 12.56835587, 43.9440921]	[193.35711038, 194.4859267, 195.81503913]
101	198189.2288253233	[237.07750923, 237.14410691, 238.07097444]	[4.19680051, 6.08933396, 9.54909658]	[222.820739, 0.0497975896, 66.0687209]	[106.44660411, 109.97063497, 114.41291181]	[106.87725957, 12.14175598, 43.63578292]
102	202984.6084499639	[249.13017502, 219.88173032, 218.92970366]	[2.47842179, 3.6199404, 5.39668522]	[234.47754926, 206.99943734, 0.81451291]	[98.89650614, 90.37671147, 93.92950926]	[211.88681705, 185.454226, 185.00957847]
103	191962.37852780859	[5.53538439, 7.5437275, 8.97881645]	[178.67230989, 126.38181317, 93.4036308]	[0.55607158, 157.15012276, 56.76954481]	[250.26874777, 243.35111772, 172.80081104]	[247.46349449, 247.675995, 247.79675509]
104	199828.37934503984	[1.1435239, 1.60750037, 2.30834946]	[213.02966988, 212.23092155, 207.54656138]	[194.76586109, 106.54383119, 1.27606156]	[90.50977388, 85.78523768, 80.21067358]	[246.24395812, 238.20883932, 168.86394033]
105	200338.19383563852	[1.40774097, 1.9494861, 2.76678033]	[244.92588692, 237.14922554, 168.31963808]	[193.89584661, 105.63359896, 0.7654872]	[209.26481986, 208.57810437, 203.9697552]	[97.8944077, 88.42770741, 75.32175617]
106	214905.68860948595	[1.14742483, 1.59262992, 2.30759111]	[156.80728429, 94.02502381, 57.13716983]	[204.19606919, 196.28448043, 120.09945391]	[79.74612251, 65.4527151, 49.2467428]	[205.28394027, 205.14532117, 202.1948109]
107	220736.61653472667	[224.10967677, 54.93021098, 31.48297233]	[1.13074452, 1.66878748, 2.52600227]	[194.08866817, 155.4602732, 92.65245856]	[194.42198842, 166.90674668, 188.12752255]	[78.49257513, 63.30501104, 55.94655581]
108	209393.44856547785	[102.18452579, 74.96767158, 80.71431483]	[231.27743063, 150.33439622, 173.77686923]	[3.27697764, 4.62208046, 7.02867362]	[227.42878162, 104.36622242, 95.00788314]	[236.04145345, 222.02610405, 190.97045671]
109	211334.57397183162	[215.14828846, 197.67123862, 89.31268766]	[2.65983367, 3.21383252, 4.26396633]	[117.06298016, 103.5361305, 168.16660503]	[224.32727219, 126.19614018, 145.43142281]	[246.74891752, 246.97832088, 247.1570864]
110	216167.2047820741	[73.35038673, 66.68261072, 77.60655103]	[158.28970846, 126.82352915, 176.40831335]	[214.78348866, 207.15485087, 128.56271954]	[1.65703139, 2.45410657, 3.72220909]	[235.79956196, 236.31058686, 236.44967737]
111	201771.70326657683	[136.29486998, 177.58521617, 207.85211856]	[6.6685527e-11, 0.0486371432, 0.0486371432]	[63.36880742, 80.07845254, 95.46579813]	[114.64924506, 150.46374076, 176.7654991]	[16.17386023, 22.09287195, 29.21467273]
112	226861.41687520428	[67.0142631, 80.95328415, 93.16564188]	[129.77668614, 170.25089222, 200.04454752]	[1.96783432, 2.96008437, 4.45467309]	[203.44837544, 200.72813253, 192.01449856]	[213.71246887, 117.00182852, 134.48240803]
113	193872.14590643288	[3.11042171, 4.62768294, 7.09907365]	[244.04516623, 198.4213258, 212.35704959]	[254.21157307, 250.27934249, 217.75075323]	[235.38335096, 151.78799439, 161.61388466]	[103.95105956, 84.99106248, 92.21595714]
114	215514.53628474448	[4.89617531, 7.33402736, 11.42430744]	[75.23091893, 124.4785692, 184.87730558]	[207.75355982, 74.7306002, 82.99086189]	[252.43967732, 252.51718265, 252.58344111]	[40.87902348, 64.21491812, 92.70798187]
115	206217.82484383113	[3.21516762, 4.127339, 5.70163967]	[164.64264824, 103.85709139, 65.55626427]	[231.3059591, 222.76880975, 137.34755079]	[87.11299919, 79.48523599, 66.86414159]	[233.8596003, 230.08284932, 204.88057964]
116	194217.96649256186	[247.47012159, 242.977383, 197.81791438]	[2.17948572, 3.28810613, 5.03343478]	[0.0992288053, 178.077626, 230.357071]	[220.81242444, 1.16203302, 31.88355102]	[63.61608748, 88.23278274, 96.69463861]
117	204728.8261107392	[1.65843682, 2.74221402, 4.15365659]	[3.51194056, 179.57941534, 231.89202269]	[249.2310594, 245.26559155, 195.58527468]	[20.93712614, 83.28088668, 106.96534084]	[125.1168486, 126.39761499, 107.70882456]
118	201808.91482549536	[107.50203079, 98.3858043, 97.19635172]	[2.44487286, 3.32913085, 4.87660256]	[251.75506389, 251.65935452, 251.44877122]	[243.4141307, 176.54950196, 144.8235483]	[233.71522246, 109.03126569, 69.62822578]
119	204474.68628290202	[1.55072845, 2.23791045, 3.32621029]	[254.74379539, 254.59927758, 253.68398717]	[231.21509456, 108.28075026, 72.54061285]	[94.22957722, 89.44563044, 89.91832744]	[211.73256853, 211.92846525, 211.83019197]
120	171889.34637655754	[181.65669705, 5.330189, 47.70559065]	[2.47965241, 2.93691106, 3.72935472]	[250.856026, 211.707202, 0.165749267]	[118.00434324, 73.82416752, 2.7411851]	[193.74649249, 128.75498889, 51.69299864]
121	211560.24962332193	[4.61031548, 5.6001248, 7.97100665]	[129.24466526, 135.82659682, 185.08625429]	[242.09526982, 213.80401306, 0.95117626]	[164.04353651, 2.68304458, 41.95705276]	[165.99709571, 121.42268207, 82.75400961]
122	198899.7895528806	[2.75333045, 3.1882704, 4.39379117]	[234.47201353, 189.51009571, 181.58220464]	[19.42203256, 82.28567404, 129.68998546]	[227.53148297, 126.19923914, 133.94648019]	[231.10985574, 231.28011856, 232.27543887]
123	207809.4542083411	[102.44725544, 176.9654904, 85.37459295]	[1.41611143, 2.21413884, 3.06295129]	[216.96462592, 214.48432735, 215.35401344]	[240.94062596, 227.83089643, 163.24142659]	[67.64101196, 88.04668885, 64.60491305]
124	190503.7982614953	[8.10537835, 7.18026449, 9.10132978]	[249.0898634, 236.53026144, 133.21905431]	[218.24371435, 0.47600655, 30.29452272]	[244.99587987, 235.90658423, 200.82389327]	[98.7602374, 44.87926946, 132.98950193]
125	188313.05058046835	[1.353004, 1.97765959, 2.73159735]	[243.893375, 215.244787, 0.237080848]	[235.62374562, 236.14972152, 236.35586062]	[122.64934624, 112.06571868, 15.50959297]	[71.52573917, 73.51705698, 73.49266845]
126	188149.36300463046	[3.15842272, 3.59388978, 4.54757042]	[222.68555636, 2.18303361, 17.41750708]	[227.86680004, 209.78025246, 7.90408181]	[206.89062811, 205.45472642, 207.70379559]	[101.08602427, 40.45274338, 22.70216592]
127	218927.85088765423	[1.00396246, 1.50211033, 2.27407541]	[169.4376295, 124.65449069, 106.30702218]	[206.5707421, 206.60516279, 202.32287834]	[75.50216149, 65.49425894, 64.03855225]	[151.0156475, 151.74614106, 149.07877222]
128	206988.2704815665	[195.02318731, 106.28124398, 0.41488165]	[18.92694142, 84.33682075, 132.91119845]	[72.29587087, 48.63802725, 40.89671667]	[179.25739681, 203.39628052, 227.48206636]	[1.35363815, 1.90644982, 2.81590617]
129	193608.80382156704	[1.77300818, 2.33334158, 3.40248682]	[240.56931556, 235.99494681, 146.87513761]	[221.67318834, 81.70484941, 49.51667134]	[246.4430243, 246.67920725, 246.74742151]	[100.67013948, 73.38335205, 61.68409821]
130	214291.72863860542	[4.42896309, 6.21784526, 8.11200776]	[12.49305146, 155.45429376, 205.75625815]	[221.66119551, 213.76283523, 132.42616865]	[223.75065108, 224.18978016, 225.33819153]	[201.07334997, 100.10917393, 105.26308213]
131	211818.3870114154	[0.80429413, 1.2883977, 1.97329261]	[88.38865672, 187.53842709, 234.24085455]	[250.1334031, 245.56379966, 195.16279925]	[181.16971905, 171.06283842, 176.92069309]	[66.00735839, 84.54568315, 96.3782439]
132	5885514605.132769	[223.92652845, 150.95091921, 190.93841166]	[7.4065233e-11, 1.07435256e-10, 1.08825241e-10]	[86.87259413, 65.23943793, 83.54000822]	[189.08430709, 128.14019667, 162.3983109]	[13.77149303, 19.35345412, 26.25694951]
133	176409.03772650787	[1.99906974, 3.01242571, 4.57335299]	[185.806496, 83.984827, 0.13344984]	[245.11064182, 231.61898096, 166.44960719]	[149.03872539, 66.01566559, 10.19262038]	[82.14743025, 57.65510113, 36.46095307]
134	199239.67567163735	[2.43103633, 3.0675383, 4.18678438]	[90.51977658, 185.04739562, 198.21167317]	[236.78475402, 230.1197471, 163.73254562]	[31.36049683, 80.17288184, 117.16382403]	[241.84453864, 241.21936214, 241.43813317]
135	180994.33518913743	[242.599452, 199.312139, 0.169414783]	[2.75384419, 4.34640837, 6.58462297]	[244.91909863, 245.18835852, 245.29783237]	[132.57927929, 112.92368261, 12.99896005]	[75.26609141, 73.54249466, 58.11687959]
136	178074.4675331256	[1.67703174, 2.31346052, 3.32617402]	[209.36373286, 199.82402834, 1.40490117]	[219.69574301, 79.94619546, 29.93048986]	[249.543159, 236.597116, 0.00593349311]	[69.19768648, 67.08058384, 62.31334726]
137	207811.41334644798	[3.93863128, 5.11259205, 6.9608994]	[185.54354081, 223.116406, 235.18360927]	[230.68323398, 107.24159261, 126.05377894]	[238.5565864, 172.92178841, 181.04542477]	[101.79574168, 186.27878873, 186.15110665]
138	202536.0948311042	[7.09431771, 152.88332673, 173.78526746]	[5.01491123, 7.0804372, 9.41906195]	[226.84284364, 196.86530899, 129.91624756]	[238.38598196, 238.84567094, 238.9974491]	[185.15516285, 160.28144495, 108.27631383]
139	213411.69994739356	[228.92690142, 202.3017049, 135.35705439]	[1.65687874, 2.66851341, 4.02679913]	[0.18714759, 151.13238701, 171.88348497]	[185.28242053, 160.85021852, 108.83297586]	[56.93827033, 68.637463, 65.17623046]
140	179683.68599846063	[208.804546, 129.880885, 0.00350909606]	[3.9513153, 5.52527378, 7.84865264]	[238.62646836, 213.88279439, 92.76793228]	[238.29688702, 188.61305515, 210.19037552]	[165.8512309, 104.36705437, 4.10736123]
141	206696.30278466828	[1.23584242, 1.76017536, 2.50361227]	[141.85587774, 89.03642848, 9.07798186]	[203.52807431, 209.34437636, 211.37530592]	[90.47153019, 96.16799632, 101.13256508]	[72.06036661, 50.03820701, 16.93118107]
142	222186.13810215078	[0.74193494, 1.03527095, 1.55621279]	[173.43739826, 165.88826008, 199.30429503]	[77.12821498, 74.3290554, 93.24022444]	[155.16323321, 126.62637053, 176.92325931]	[197.5498135, 102.28780195, 108.08205014]
143	186414.353596225	[248.71244732, 230.09699712, 186.97269656]	[2.20426416, 3.56307651, 4.94850131]	[6.18332475, 101.25879893, 102.18652971]	[110.94055561, 76.38918485, 39.8011161]	[240.00473967, 240.4092765, 240.60593829]
144	195233.16171318598	[57.64097459, 89.95335154, 110.08371474]	[1.73115002, 2.41650141, 3.56779601]	[130.77864747, 198.29573695, 229.1554066]	[247.28716215, 247.45890529, 247.49922705]	[13.94163976, 164.4810122, 221.94806837]
145	170385.55400999344	[1.32327918, 1.84510541, 2.49738189]	[251.232852, 221.713762, 0.103581647]	[194.82196026, 110.32387895, 0.94419475]	[156.92333698, 141.29060959, 10.93176672]	[107.78273087, 85.17155717, 50.81041841]
146	189159.15858766896	[235.66992584, 204.6722871, 218.18465609]	[1.05020332, 1.16846773, 1.50836713]	[246.62003666, 202.68780263, 0.471877]	[225.34242735, 62.82424264, 34.45405893]	[102.61779797, 64.95580779, 30.17246998]
147	211627.89095979743	[133.57723274, 159.82730282, 207.85444862]	[1.2716458, 2.03831055, 3.17582682]	[219.20503301, 220.21455678, 220.27202316]	[71.65070376, 79.71982928, 92.89421142]	[178.05208726, 178.39752139, 179.82350735]
148	188529.8113565597	[0.68494027, 1.12178789, 1.76629788]	[238.78277928, 239.62386989, 239.84953085]	[7.16997276, 160.44768139, 221.5920489]	[30.24766603, 30.52791894, 123.22642311]	[61.2759935, 84.25922089, 100.38100569]
149	214214.85272011912	[0.9114187, 1.30838636, 1.68817636]	[236.5666947, 180.58513585, 0.41562769]	[101.75840709, 92.2973233, 60.36110238]	[88.46087478, 178.55333279, 191.41370221]	[241.97758633, 231.56169301, 188.2159778]
150	209511.14117296183	[0.73981226, 1.1613584, 1.80120568]	[204.23574806, 166.96000947, 202.74114921]	[229.482685, 211.46895794, 230.48732985]	[146.37811157, 120.68709138, 156.54422733]	[67.1982934, 62.71393258, 77.60006106]
151	13133922784.337	[4.56229617e-11, 4.35758887e-11, 4.2625873e-11]	[250.25461668, 232.92438087, 233.49373819]	[117.96923083, 113.58713319, 118.22153447]	[17.30321901, 171.67399935, 230.17553282]	[14.78447601, 20.44344795, 27.11418895]